acquire 1574
    0381 1574 1578 2510 2582
    2659 2694 2724 2819 2880
    2941 2956 3016 3029 3106
    3275 3292 3516 3922 3942
    4459 4517 4620 4683 4774
    4786 4805 4980 5007 5026
    5081 5408 5441 5512 5525
    6030 6054 6068 6963 6984
    7005 8160 8347 8408 8456
acquiresleep 4772
    0390 4627 4642 4772 5461
    5510
allocproc 2505
    2505 2558 2632
allocuvm 1953
    0431 1953 1967 1973 2610
    3555 6801 6816 6818 6826
alltraps 3404
    3359 3367 3380 3385 3403
    3404
ALT 7860
    7860 7888 7890
argfd 6221
    6221 6273 6288 6307 6318
    6331
argint 3702
    0405 3702 3716 3732 3883
    3906 3920 3954 6226 6288
    6307 6558 6625 6626 6682
argptr 3711
    0406 3711 6288 6307 6331
    6707
argstr 3729
    0407 3729 6357 6458 6558
    6607 6624 6658 6682
BACK 8761
    8761 8874 9020 9289
backcmd 8796 9014
    8796 8809 8875 9014 9016
    9142 9255 9290
BACKSPACE 8250
    8250 8267 8300 8324 8358
    8364
balloc 5166
    5166 5186 5567 5575 5579
BBLOCK 4260
    4260 5173 5208
begin_op 4978
    0336 2689 4978 6083 6174
    6360 6461 6561 6606 6623
    6657 6771
bfree 5202
    5202 5614 5624 5627
bget 4616
    4616 4646 4656
binit 4588
    0263 1238 4588
bmap 5560
    5304 5560 5586 5670 5720
bootmain 9417
    9368 9417
BPB 4257
    4257 4260 5172 5174 5209
bread 4652
    0264 4652 4927 4928 4940
    4956 5040 5041 5135 5156
    5173 5208 5361 5385 5464
    5576 5620 5670 5720
brelse 4676
    0265 4676 4679 4931 4932
    4947 4964 5044 5045 5137
    5159 5179 5184 5215 5367
    5370 5394 5472 5582 5626
    5673 5724
BSIZE 4205
    4009 4205 4224 4251 4257
    4430 4446 4469 4908 4929
    5042 5157 5670 5671 5672
    5716 5720 5721 5722
buf 4000
    0250 0264 0265 0266 0308
    0335 2120 2123 2132 2134
    4000 4006 4007 4008 4363
    4383 4386 4424 4456 4504
    4506 4511 4576 4580 4584
    4590 4603 4615 4618 4651
    4654 4665 4676 4856 4927
    4928 4940 4941 4947 4956
    4957 4963 4964 5040 5041
    5072 5120 5133 5154 5169
    5204 5357 5382 5455 5563
    5609 5656 5706 8082 8093
    8097 8101 8334 8356 8370
    8418 8451 8458 8884 8887
    8888 8889 8903 8915 8916
    8918 8919 8920 8924
bwrite 4665
    0266 4665 4668 4930 4963
    5043
bzero 5152
    5152 5180
B_DIRTY 4012
    4012 4444 4468 4473 4512
    4530 4636 4669 5089
B_VALID 4011
    4011 4472 4512 4530 4657
C 7881 8340
    7881 7929 7954 7955 7956
    7957 7958 7960 8340 8350
    8354 8361 8372 8419
CAPSLOCK 7862
    7862 7895 8036
clearpteu 2034
    0440 2034 2040 6819
cli 0557
    0557 0559 1124 1660 8210
    8319 9312
cmd 8765
    8765 8777 8786 8787 8792
    8793 8798 8802 8806 8815
    8818 8823 8831 8837 8841
    8851 8875 8877 8952 8955
    8957 8958 8959 8960 8963
    8964 8966 8968 8969 8970
    8971 8972 8973 8974 8975
    8976 8979 8980 8982 8984
    8985 8986 8987 8988 8989
    9000 9001 9003 9005 9006
    9007 9008 9009 9010 9013
    9014 9016 9018 9019 9020
    9021 9022 9112 9113 9114
    9115 9117 9121 9124 9130
    9131 9134 9137 9139 9142
    9146 9148 9150 9153 9155
    9158 9160 9163 9164 9175
    9178 9181 9185 9200 9203
    9208 9212 9213 9216 9221
    9222 9228 9237 9238 9244
    9245 9251 9252 9261 9264
    9266 9272 9273 9278 9284
    9290 9291 9294
CMOS_PORT 7629
    7629 7643 7644 7683
CMOS_RETURN 7630
    7630 7686
CMOS_STATA 7670
    7670 7713
CMOS_STATB 7671
    7671 7706
CMOS_UIP 7672
    7672 7713
COM1 8514
    8514 8524 8527 8528 8529
    8530 8531 8532 8535 8541
    8542 8557 8559 8567 8569
commit 5051
    4903 5025 5051
CONSOLE 4336
    4336 8471 8472
consoleinit 8466
    0269 1234 8466
consoleintr 8343
    0271 8048 8343 8575
consoleread 8401
    8401 8472
consolewrite 8451
    8451 8471
CONSOLE_HORIZONTAL_MAX 8289
    8289 8291 8295 8296 8297
    8303 8304 8307 8308
CONSOLE_VERTICAL_MAX 8290
    8290 8291 8296 8303
consputc 8316
    8069 8101 8169 8187 8190
    8194 8195 8316 8358 8364
    8371 8458
context 2326
    0251 0378 2303 2326 2345
    2543 2544 2545 2546 2831
    2872 3078
CONV 7722
    7722 7723 7724 7725 7726
    7727 7728 7729
copyout 2118
    0439 2118 6835 6846
copyuvm 2053
    0436 2053 2064 2066 2637
cprintf 8152
    0270 1264 1967 1973 3076
    3080 3082 3116 3125 3126
    3136 3543 3556 3569 3574
    3810 4508 5303 6775 6815
    6818 7809 8152 8213 8214
    8215 8218
cpu 2301
    0311 0363 1264 1278 1506
    1566 1591 1608 1647 1719
    2301 2312 2452 2476 2811
    3543 3569 3574 7363
cpuid 2433
    0358 1264 1725 2433 3515
    3544 3570 3577
CR0_PE 0727
    0727 1137 1170 9343
CR0_PG 0737
    0737 1170
CR0_WP 0733
    0733 1170
CR4_PSE 0739
    0739 1074 1163
create 6507
    6507 6527 6540 6544 6564
    6607 6627
CRTPORT 8251
    8251 8260 8261 8262 8263
    8281 8282 8283 8284
CTL 7859
    7859 7885 7889 8035
DAY 7677
    7677 7694
deallocuvm 1987
    0432 1968 1974 1987 2021
    2613
DEVSPACE 0204
    0204 1817 1827 1833
devsw 4329
    4329 4334 5659 5661 5709
    5711 6012 8471 8472
dinode 4228
    4228 4251 5358 5362 5383
    5386 5456 5465
dirent 4265
    4265 5764 5805 6405 6454
dirlink 5802
    0288 5802 5817 5825 6380
    6539 6543 6544
dirlookup 5761
    0289 5761 5767 5771 5809
    5925 6473 6517
DIRSIZ 4263
    4263 4267 5755 5822 5878
    5879 5942 6354 6455 6511
DPL_USER 0779
    0779 1729 1730 2567 2568
    3474 3584 3594
E0ESC 7866
    7866 8020 8024 8025 8027
    8030
elfhdr 0955
    0955 6765 9419 9424
ELF_MAGIC 0952
    0952 6784 9430
ELF_PROG_LOAD 0986
    0986 6795
end_op 5003
    0337 2691 5003 6085 6179
    6362 6369 6387 6396 6463
    6497 6502 6566 6571 6577
    6586 6590 6608 6612 6628
    6632 6659 6665 6670 6774
    6809 6871
entry 1047
    0961 1040 1046 1047 3352
    3353 6860 7221 9421 9445
    9446
EOI 7516
    7516 7591 7619
ERROR 7537
    7537 7584
ESR 7519
    7519 7587 7588
EXEC 8757
    8757 8822 8959 9265
exec 6760
    0275 6698 6760 6775 8668
    8729 8730 8826 8827
execcmd 8769 8953
    8769 8810 8823 8953 8955
    9221 9227 9228 9256 9266
exit 2672
    0359 2672 2712 3505 3509
    3585 3595 3868 8617 8620
    8661 8726 8731 8816 8825
    8835 8880 8927 8934
EXTMEM 0202
    0202 0210 1812
fdalloc 6253
    6253 6275 6582 6712
fetchint 3667
    0408 3667 3704 6689
fetchstr 3681
    0409 3681 3734 6695
file 4300
    0252 0278 0279 0280 0282
    0283 0284 0351 2348 4300
    5121 6010 6015 6025 6028
    6031 6051 6052 6064 6066
    6102 6115 6152 6215 6221
    6224 6253 6270 6284 6303
    6316 6328 6555 6704 6908
    6922 8061 8509 8778 8833
    8834 8964 8972 9172
filealloc 6026
    0278 6026 6582 6928
fileclose 6064
    0279 2684 6064 6070 6321
    6584 6715 6716 6954 6956
filedup 6052
    0280 2652 6052 6056 6277
fileinit 6019
    0281 1239 6019
fileread 6115
    0282 6115 6130 6290
filestat 6102
    0283 6102 6333
filewrite 6152
    0284 6152 6184 6189 6309
FL_IF 0710
    0710 1662 1669 2457 2571
    2869
fork 2625
    0360 2625 3862 8660 8723
    8725 8942 8944
fork1 8938
    8800 8842 8854 8861 8876
    8923 8938
forkret 2903
    2420 2546 2903
freerange 3251
    3211 3235 3241 3251
freevm 2015
    0433 1838 2015 2020 2078
    2737 6863 6868
FSSIZE 0162
    0162 4428
gatedesc 0901
    0523 0526 0901 3462
getcallerpcs 1627
    0382 1592 1627 3078 8216
getcmd 8884
    8884 8915
gettoken 9056
    9056 9141 9145 9157 9170
    9171 9207 9211 9233
growproc 2603
    0361 2603 3909
havedisk1 4385
    4385 4413 4508 4514
holding 1645
    0383 1577 1604 1645 2863
holdingsleep 4801
    0392 4510 4667 4678 4801
    5483
HOURS 7676
    7676 7693
ialloc 5354
    0290 5354 5372 6526 6527
IBLOCK 4254
    4254 5361 5385 5464
ICRHI 7530
    7530 7594 7652 7664
ICRLO 7520
    7520 7595 7596 7653 7655
    7665
ID 7513
    7513 7554 7611
ideinit 4401
    0306 1240 4401
ideintr 4454
    0307 3524 4454
idelock 4382
    4382 4405 4459 4462 4480
    4517 4531 4535
iderw 4504
    0308 4504 4511 4513 4515
    4658 4670
idestart 4424
    4386 4424 4427 4435 4478
    4527
idewait 4390
    4390 4407 4437 4468
IDE_BSY 4366
    4366 4394
IDE_CMD_RDMUL 4373
    4373 4432
IDE_CMD_READ 4371
    4371 4432
IDE_CMD_WRITE 4372
    4372 4433
IDE_CMD_WRMUL 4374
    4374 4433
IDE_DEBUG 4376
    4376 4507
IDE_DF 4368
    4368 4396
IDE_DRDY 4367
    4367 4394
IDE_ERR 4369
    4369 4396
idtinit 3480
    0416 1265 3480
idup 5439
    0291 2653 5439 5912
iget 5404
    5309 5368 5404 5424 5779
    5910
iinit 5293
    0292 2914 5293
ilock 5453
    0293 5453 5459 5475 5915
    6105 6124 6175 6366 6379
    6392 6467 6475 6515 6519
    6529 6574 6662 6778 8413
    8433 8460
inb 0453
    0453 4394 4412 7496 7686
    8014 8017 8261 8263 8535
    8541 8542 8557 8567 8569
    9323 9331 9454
initlock 1562
    0384 1562 2428 3233 3476
    4405 4592 4765 4912 5297
    6021 6936 8469
initlog 4906
    0334 2915 4906 4909
initsleeplock 4763
    0393 4606 4763 5299
inituvm 1903
    0434 1903 1908 2564
inode 4312
    0253 0288 0289 0290 0291
    0293 0294 0295 0296 0297
    0299 0300 0301 0302 0303
    0435 1918 2349 4306 4312
    4330 4331 5124 5289 5299
    5309 5353 5380 5403 5406
    5412 5438 5439 5453 5481
    5508 5532 5560 5606 5638
    5653 5703 5760 5761 5802
    5806 5904 5907 5939 5950
    6355 6402 6453 6506 6510
    6556 6604 6619 6654 6766
    8401 8451
INPUT_BUF 8332
    8332 8334 8356 8368 8370
    8372 8418
insl 0462
    0462 0464 4469 9473
install_trans 4922
    4922 4971 5056
INT_DISABLED 7769
    7769 7814
IOAPIC 7758
    7758 7805
ioapic 7777
    7458 7475 7476 7774 7777
    7786 7787 7793 7794 7805
ioapicenable 7820
    0311 4406 7820 8480 8543
ioapicid 7365
    0312 7365 7476 7808 7809
ioapicinit 7801
    0313 1233 7801 7809
ioapicread 7784
    7784 7806 7807
ioapicwrite 7791
    7791 7814 7815 7825 7826
IPB 4251
    4251 4254 5362 5386 5465
iput 5508
    0294 2690 5508 5535 5810
    5933 6084 6385 6669
IRQ_COM1 3333
    3333 3534 8543
IRQ_ERROR 3335
    3335 7584
IRQ_IDE 3334
    3334 3523 3527 4406
IRQ_KBD 3332
    3332 3530 8480
IRQ_SPURIOUS 3336
    3336 3542 7564
IRQ_TIMER 3331
    3331 3514 3590 7571
isdirempty 6402
    6402 6409 6479
itrunc 5606
    5124 5517 5606
iunlock 5481
    0295 5481 5484 5534 5922
    6107 6127 6178 6375 6589
    6668 8406 8455
iunlockput 5532
    0296 5532 5917 5926 5929
    6368 6381 6384 6395 6480
    6491 6495 6501 6518 6522
    6546 6576 6585 6611 6631
    6664 6808 6870
iupdate 5380
    0297 5380 5519 5632 5729
    6374 6394 6489 6494 6533
    6537
kalloc 3287
    0316 1294 1746 1829 1909
    1965 2069 2528 3287 6930
KBDATAP 7854
    7854 8017
kbdgetc 8006
    8006 8048
kbdintr 8046
    0322 3531 8046
KBSTATP 7852
    7852 8014
KBS_DIB 7853
    7853 8015
KERNBASE 0208
    0208 0210 0215 0216 0218
    0219 1316 1634 1812 1958
    2021 3554 6825
KERNLINK 0210
    0210 1813
KEY_DEL 7878
    7878 7919 7941 7965
KEY_DN 7872
    7872 7915 7937 7961
KEY_END 7870
    7870 7918 7940 7964
KEY_HOME 7869
    7869 7918 7940 7964
KEY_INS 7877
    7877 7919 7941 7965
KEY_LF 7873
    7873 7917 7939 7963
KEY_PGDN 7876
    7876 7916 7938 7962
KEY_PGUP 7875
    7875 7916 7938 7962
KEY_RT 7874
    7874 7917 7939 7963
KEY_UP 7871
    7871 7915 7937 7961
kfree 3264
    0317 1975 2003 2005 2025
    2028 2638 2735 3256 3264
    3269 6952 6973
kill 3025
    0362 3025 3575 3885 8667
kinit1 3231
    0318 1227 3231
kinit2 3239
    0319 1242 3239
KSTACKSIZE 0151
    0151 1087 1096 1295 1883
    2532
kvmalloc 1853
    0428 1228 1853
lapiceoi 7616
    0328 3521 3525 3532 3536
    3540 3545 7616
lapicid 7605
    0326 2461 7605 8213
lapicinit 7558
    0329 1230 1256 7558
lapicstartap 7635
    0330 1299 7635
lapicw 7551
    7551 7564 7570 7571 7572
    7575 7576 7581 7584 7587
    7588 7591 7594 7595 7601
    7619 7652 7653 7655 7664
    7665
lcr3 0590
    0590 1864 1888 3138 3560
lgdt 0512
    0512 0520 1135 1731 9341
lidt 0526
    0526 0534 3482
LINT0 7535
    7535 7575
LINT1 7536
    7536 7576
LIST 8760
    8760 8840 9007 9283
listcmd 8790 9001
    8790 8811 8841 9001 9003
    9146 9257 9284
loaduvm 1918
    0435 1918 1924 1927 6805
log 4888 4900
    4888 4900 4912 4914 4915
    4916 4926 4927 4928 4940
    4943 4944 4945 4956 4959
    4960 4961 4972 4980 4982
    4983 4984 4986 4988 4989
    5007 5008 5009 5010 5011
    5013 5018 5020 5026 5027
    5028 5029 5039 5040 5041
    5053 5057 5076 5078 5081
    5082 5083 5086 5087 5088
    5090
logheader 4883
    4883 4895 4908 4909 4941
    4957
LOGSIZE 0160
    0160 4885 4984 5076
log_write 5072
    0335 5072 5079 5158 5178
    5214 5366 5393 5580 5723
ltr 0538
    0538 0540 1887
mappages 1762
    1762 1836 1911 1972 2072
MAXARG 0158
    0158 6678 6764 6832
MAXARGS 8763
    8763 8771 8772 9240
MAXFILE 4225
    4225 5716
MAXOPBLOCKS 0159
    0159 0160 0161 4984 6167
memcmp 7065
    0396 7065 7388 7438 7716
memmove 7081
    0397 1285 1912 2071 2132
    4929 5042 5136 5392 5471
    5672 5722 5879 5881 7081
    7104 8276
memset 7054
    0398 1749 1832 1910 1971
    2545 2566 3272 5157 5364
    6484 6685 7054 8278 8887
    8958 8969 8985 9006 9019
microdelay 7625
    0331 7625 7654 7656 7666
    7684 8558
min 5123
    5123 5671 5721
MINS 7675
    7675 7692
MONTH 7678
    7678 7695
mp 7202
    7202 7358 7379 7387 7388
    7389 7405 7410 7414 7415
    7418 7419 7430 7433 7435
    7437 7444 7455 7460 7492
MPBUS 7252
    7252 7479
mpconf 7213
    7213 7429 7432 7437 7456
mpconfig 7430
    7430 7460
mpenter 1252
    1252 1296
mpinit 7451
    0341 7451
MPIOAPIC 7253
    7253 7474
mpioapic 7239
    7239 7458 7475 7477
MPIOINTR 7254
    7254 7480
MPLINTR 7255
    7255 7481
mpmain 1262
    1216 1248 1257 1262
MPPROC 7251
    7251 7466
mpproc 7228
    7228 7457 7467 7472
mpsearch 7406
    7406 7435
mpsearch1 7380
    7380 7414 7418 7421
multiboot_header 1029
    1028 1029
mycpu 2453
    0363 1266 1288 1591 1647
    1661 1662 1663 1671 1673
    1879 1880 1881 1882 1883
    1886 2434 2453 2458 2479
    2811 2865 2871 2872 2873
myproc 2475
    0364 2475 2606 2629 2674
    2722 2861 2881 2926 3138
    3504 3506 3508 3552 3560
    3567 3576 3578 3584 3589
    3594 3669 3684 3704 3714
    3804 3891 3908 3925 4779
    5912 6228 6256 6320 6655
    6714 6769 6987 7007 8411
namecmp 5753
    0298 5753 5774 6470
namei 5940
    0299 2576 5940 6361 6570
    6658 6773
nameiparent 5951
    0300 5905 5920 5932 5951
    6377 6462 6513
namex 5905
    5905 5943 5953
NBUF 0161
    0161 4580 4603
NCPU 0152
    0152 2312 7363 7468
ncpu 7364
    1287 2313 2464 4406 7364
    7468 7469 7470
NDEV 0156
    0156 5659 5709 6012
NDIRECT 4223
    4223 4225 4234 4324 5565
    5570 5574 5575 5612 5619
    5620 5627 5628
NELEM 0443
    0443 1835 3072 3807 6687
nextpid 2419
    2419 2522
NFILE 0154
    0154 6015 6031
NINDIRECT 4224
    4224 4225 5572 5622
NINODE 0155
    0155 5289 5298 5412
NO 7856
    7856 7902 7905 7907 7908
    7909 7910 7912 7924 7927
    7929 7930 7931 7932 7934
    7952 7953 7955 7956 7957
    7958
NOFILE 0153
    0153 2348 2650 2682 6228
    6258
NPDENTRIES 0821
    0821 1312 2022
NPROC 0150
    0150 2414 2512 2701 2728
    2820 3007 3030 3069 3107
NPTENTRIES 0822
    0822 3121 3127
NSEGS 0749
    0749 2305
nulterminate 9252
    9115 9130 9252 9273 9279
    9280 9285 9286 9291
NUMLOCK 7863
    7863 7896
outb 0471
    0471 4410 4419 4438 4439
    4440 4441 4442 4443 4445
    4448 7495 7496 7643 7644
    7683 8260 8262 8281 8282
    8283 8284 8524 8527 8528
    8529 8530 8531 8532 8559
    9328 9336 9464 9465 9466
    9467 9468 9469
outsl 0483
    0483 0485 4446
outw 0477
    0477 1180 1182 9374 9376
O_CREATE 4103
    4103 6563 9178 9181
O_RDONLY 4100
    4100 6575 9175
O_RDWR 4102
    4102 6596 8714 8716 8907
O_WRONLY 4101
    4101 6595 6596 9178 9181
P2V 0216
    0216 1227 1242 1284 1744
    1833 1933 2004 2024 2071
    2111 7384 7412 7437 7645
    8252
panic 8205 8931
    0272 1578 1605 1670 1672
    1773 1834 1872 1874 1876
    1908 1924 1927 2003 2020
    2040 2064 2066 2458 2469
    2562 2679 2712 2864 2866
    2868 2870 2929 2932 3269
    3571 4427 4429 4435 4511
    4513 4515 4646 4668 4679
    4909 5010 5077 5079 5186
    5212 5372 5424 5459 5475
    5484 5586 5767 5771 5817
    5825 6056 6070 6130 6184
    6189 6409 6478 6486 6527
    6540 6544 7461 7490 8163
    8205 8213 8273 8801 8820
    8853 8931 8944 9128 9172
    9206 9210 9236 9241
panicked 8071
    8071 8219 8318 8468
parseblock 9201
    9201 9206 9225
parsecmd 9118
    8802 8924 9118
parseexec 9217
    9114 9155 9217
parseline 9135
    9112 9124 9135 9146 9208
parsepipe 9151
    9113 9139 9151 9158
parseredirs 9164
    9164 9212 9231 9242
PCINT 7534
    7534 7581
PCI_BAR_BASE 0212
    0212 1816
PCI_VP_OFFSET 0213
    0213 0214 1816
pde_t 0103
    0103 0429 0430 0431 0432
    0433 0434 0435 0436 0439
    0440 1217 1270 1312 1711
    1737 1739 1762 1821 1824
    1829 1903 1918 1953 1987
    2015 2034 2052 2053 2055
    2102 2118 2339 2410 6768
PDX 0812
    0812 1742 1999
PDXSHIFT 0827
    0812 0818 0827 1316
peek 9101
    9101 9125 9140 9144 9156
    9169 9205 9209 9224 9232
PGADDR 0818
    0818 1999
PGROUNDDOWN 0830
    0830 1767 1768 2125 3551
    6824
PGROUNDUP 0829
    0829 1963 1995 3254 6814
    6815
PGSIZE 0823
    0823 0829 0830 1311 1749
    1777 1778 1832 1907 1910
    1911 1923 1925 1929 1932
    1964 1971 1972 1996 1999
    2062 2071 2072 2129 2135
    2565 2572 3255 3268 3272
    3554 3555 3559 6803 6816
    6819 6824 6826 6828
PHYSTOP 0203
    0203 1242 1814 1833 1834
    3268
pinit 2426
    0365 1236 2426
PIPE 8759
    8759 8850 8986 9277
pipe 6912
    0254 0352 0353 0354 4305
    6081 6122 6159 6912 6924
    6930 6936 6940 6944 6961
    6980 7001 8663 8852 8853
pipealloc 6922
    0351 6709 6922
pipeclose 6961
    0352 6081 6961
pipecmd 8784 8980
    8784 8812 8851 8980 8982
    9158 9258 9278
piperead 7001
    0353 6122 7001
PIPESIZE 6910
    6910 6914 6986 6994 7016
pipewrite 6980
    0354 6159 6980
popcli 1667
    0387 1622 1667 1670 1672
    1889 2481
printint 8079
    8079 8177 8181
printpt 3101
    0375 3101 3956 8681
proc 2337
    0255 0364 0369 0437 1205
    1558 1706 1869 2309 2337
    2343 2406 2414 2417 2474
    2477 2480 2504 2507 2512
    2555 2606 2628 2629 2674
    2675 2701 2720 2722 2728
    2810 2812 2820 2827 2836
    2861 2926 3005 3007 3027
    3030 3065 3069 3104 3107
    3455 3552 3575 3655 3669
    3684 3714 3804 3857 4357
    4758 5116 6211 6256 6655
    6754 6769 6904 7361 7457
    7467 7469 8064 8511
procdump 3054
    0366 3054 8382
proghdr 0974
    0974 6767 9420 9434
PTE_ADDR 0844
    0844 1744 1928 2001 2024
    2067 2111 3130
PTE_FLAGS 0845
    0845 2068
PTE_P 0833
    0833 1314 1316 1743 1753
    1772 1774 2000 2023 2065
    2107 3119 3124
PTE_PS 0840
    0840 1314 1316
pte_t 0848
    0848 1736 1740 1744 1746
    1765 1921 1989 2036 2056
    2104 2410 3105 3120
PTE_U 0835
    0835 1753 1911 1972 2041
    2109 3128
PTE_W 0834
    0834 1314 1316 1753 1812
    1814 1816 1817 1827 1911
    1972 3129
PTX 0815
    0815 1755
PTXSHIFT 0826
    0815 0818 0826 3130
pushcli 1655
    0386 1576 1655 1878 2478
rcr2 0582
    0582 3551 3556 3570 3577
readeflags 0544
    0544 1659 1669 2457 2869
readi 5653
    0301 1933 5653 5770 5816
    6125 6408 6409 6782 6793
readsb 5131
    0287 4913 5131 5207 5302
readsect 9460
    9460 9495
readseg 9479
    9414 9427 9438 9479
read_head 4938
    4938 4970
recover_from_log 4968
    4902 4917 4968
REDIR 8758
    8758 8830 8970 9271
redircmd 8775 8964
    8775 8813 8831 8964 8966
    9175 9178 9181 9259 9272
REG_ID 7760
    7760 7807
REG_TABLE 7762
    7762 7814 7815 7825 7826
REG_VER 7761
    7761 7806
release 1602
    0385 1602 1605 2517 2524
    2586 2663 2743 2752 2838
    2883 2907 2942 2955 3018
    3036 3040 3113 3280 3297
    3519 3926 3931 3944 4462
    4480 4535 4626 4641 4695
    4780 4790 4807 4989 5020
    5029 5090 5415 5431 5443
    5514 5527 6034 6038 6058
    6072 6078 6972 6975 6988
    6997 7008 7019 8201 8380
    8412 8432 8459
releasesleep 4784
    0391 4681 4784 5486 5523
ROOTDEV 0157
    0157 2914 2915 5910
ROOTINO 4204
    4204 5910
run 3215
    3061 3215 3216 3222 3266
    3276 3289 7461
runcmd 8806
    8806 8820 8837 8843 8845
    8859 8866 8877 8924
RUNNING 2334
    2334 2829 2867 3061 3589
safestrcpy 7132
    0399 2575 2655 6854 7132
sb 5127
    0287 4254 4260 4911 4913
    4914 4915 5127 5131 5136
    5172 5173 5174 5207 5208
    5302 5303 5304 5305 5306
    5360 5361 5385 5464 7704
    7706 7708
sched 2858
    0368 2711 2858 2864 2866
    2868 2870 2882 2948
scheduler 2808
    0367 1267 2303 2808 2831
    2872
SCROLLLOCK 7864
    7864 7897
SECS 7674
    7674 7691
SECTOR_SIZE 4365
    4365 4430
SECTSIZE 9412
    9412 9473 9486 9489 9494
SEG 0769
    0769 1727 1728 1729 1730
SEG16 0773
    0773 1879
segdesc 0752
    0509 0512 0752 0769 0773
    2305
seginit 1717
    0427 1231 1255 1717
SEG_ASM 0660
    0660 1189 1190 9384 9385
SEG_KCODE 0742
    0742 1143 1727 3473 3474
    9353
SEG_KDATA 0743
    0743 1153 1728 1882 3413
    9358
SEG_NULLASM 0654
    0654 1188 9383
SEG_TSS 0746
    0746 1879 1881 1887
SEG_UCODE 0744
    0744 1729 2567
SEG_UDATA 0745
    0745 1730 2568
SETGATE 0921
    0921 3473 3474
setupkvm 1822
    0429 1822 1855 2060 2561
    6787
SHIFT 7858
    7858 7886 7887 8035
skipelem 5865
    5865 5914
sleep 2924
    0370 2757 2924 2929 2932
    3059 3929 4531 4765 4776
    4983 4986 6992 7011 8416
    8679
sleeplock 4051
    0258 0390 0391 0392 0393
    4004 4051 4316 4361 4574
    4760 4763 4772 4784 4801
    4854 5118 6009 6214 6907
    8059 8507
spinlock 1501
    0257 0370 0381 0383 0384
    0385 0419 1501 1559 1562
    1574 1602 1645 2407 2413
    2924 3209 3220 3458 3464
    4053 4360 4382 4573 4579
    4759 4853 4889 5117 5288
    6008 6014 6213 6906 6913
    8058 8074 8506
start 1123 8609 9311
    1122 1123 1166 1174 1176
    4890 4914 4927 4940 4956
    5040 5304 8608 8609 9310
    9311 9367
startothers 1274
    1215 1241 1274
stat 4154
    0259 0283 0302 4154 5114
    5638 6102 6209 6329 8703
stati 5638
    0302 5638 6106
STA_R 0669 0786
    0669 0786 1189 1727 1729
    9384
STA_W 0668 0785
    0668 0785 1190 1728 1730
    9385
STA_X 0665 0782
    0665 0782 1189 1727 1729
    9384
sti 0563
    0563 0565 1674 2816
stosb 0492
    0492 0494 7060 9440
stosl 0501
    0501 0503 7058
strlen 7151
    0400 6834 6835 7151 8918
    9123
strncmp 7108
    0401 5755 7108
strncpy 7118
    0402 5822 7118
STS_IG32 0800
    0800 0927
STS_T32A 0797
    0797 1879
STS_TG32 0801
    0801 0927
sum 7368
    7368 7370 7372 7374 7375
    7388 7442
superblock 4213
    0260 0287 4213 4911 5127
    5131
SVR 7517
    7517 7564
switchkvm 1862
    0438 1254 1856 1862 2832
switchuvm 1869
    0437 1869 1872 1874 1876
    2617 2828 6862
swtch 3159
    0378 2831 2872 3158 3159
SYSCALL 8653 8660 8661 8662 8663 8664 8665 8666 8667 8668 8669 8670 8671 8672 8673 8674 8675 8676 8677 8678 8679 8680 8681
    8660 8661 8662 8663 8664
    8665 8666 8667 8668 8669
    8670 8671 8672 8673 8674
    8675 8676 8677 8678 8679
    8680 8681
syscall 3801
    0410 3507 3657 3801
SYS_chdir 3609
    3609 3782
sys_chdir 6651
    3750 3782 6651
SYS_close 3621
    3621 3794
sys_close 6313
    3751 3794 6313
SYS_dup 3610
    3610 3783
sys_dup 6268
    3752 3783 6268
SYS_exec 3607
    3607 3780 8613
sys_exec 6676
    3753 3780 6676
SYS_exit 3602
    3602 3775 8618
sys_exit 3866
    3754 3775 3866
SYS_fork 3601
    3601 3774
sys_fork 3860
    3755 3774 3860
SYS_fstat 3608
    3608 3781
sys_fstat 6326
    3756 3781 6326
SYS_getpid 3611
    3611 3784
sys_getpid 3889
    3757 3784 3889
SYS_kill 3606
    3606 3779
sys_kill 3879
    3758 3779 3879
SYS_link 3619
    3619 3792
sys_link 6352
    3759 3792 6352
SYS_mkdir 3620
    3620 3793
sys_mkdir 6601
    3760 3793 6601
SYS_mknod 3617
    3617 3790
sys_mknod 6617
    3761 3790 6617
SYS_open 3615
    3615 3788
sys_open 6551
    3762 3788 6551
SYS_pipe 3604
    3604 3777
sys_pipe 6701
    3763 3777 6701
SYS_printpt 3622
    3622 3795
sys_printpt 3951
    3771 3795 3951
SYS_read 3605
    3605 3778
sys_read 6282
    3764 3778 6282
SYS_sbrk 3612
    3612 3785
sys_sbrk 3901
    3765 3785 3901
SYS_sleep 3613
    3613 3786
sys_sleep 3915
    3766 3786 3915
SYS_unlink 3618
    3618 3791
sys_unlink 6451
    3767 3791 6451
SYS_uptime 3614
    3614 3787
sys_uptime 3938
    3770 3787 3938
SYS_wait 3603
    3603 3776
sys_wait 3873
    3768 3776 3873
SYS_write 3616
    3616 3789
sys_write 6301
    3769 3789 6301
taskstate 0851
    0851 2304
TDCR 7541
    7541 7570
ticks 3465
    0417 3465 3517 3518 3923
    3924 3929 3943
tickslock 3464
    0419 3464 3476 3516 3519
    3922 3926 3929 3931 3942
    3944
TICR 7539
    7539 7572
TIMER 7531
    7531 7571
TPR 7515
    7515 7601
trap 3501
    3352 3354 3419 3501 3556
    3569 3571 3574
trapframe 0602
    0602 2344 2536 3501
trapret 3424
    2421 2541 3423 3424
tvinit 3468
    0418 1237 3468
T_DEV 4152
    4152 5658 5708 6627
T_DIR 4150
    4150 5766 5916 6367 6479
    6487 6535 6575 6607 6663
T_FILE 4151
    4151 6520 6564
T_IRQ0 3329
    3329 3514 3523 3527 3530
    3534 3538 3542 3590 7564
    7571 7584 7814 7825
T_PGFLT 3317
    3317 3550
T_SYSCALL 3326
    3326 3474 3503 8614 8619
    8657
uart 8516
    8516 8537 8555 8565
uartgetc 8563
    8563 8575
uartinit 8519
    0422 1235 8519
uartintr 8573
    0423 3535 8573
uartputc 8551
    0424 8325 8327 8547 8551
userinit 2553
    0371 1246 2553 2562
uva2ka 2102
    0430 2102 2126
V2P 0215
    0215 1297 1299 1753 1813
    1814 1864 1888 1911 1972
    2072 3138 3268 3560
V2P_WO 0218
    0218 1040 1063
VER 7514
    7514 7580
wait 2718
    0372 2718 3875 8662 8733
    8844 8870 8871 8925
